Number	Label	Label V2.x	Text	Text2	Text3	Text4	Text5	Text6	Text7	Text8	Text9	Text10	Text11	Text12	Text13	Text14	Text15	Text16	Text17	Text18	Text19	Text20	Text21	Text22	Text23	Text24	Text25	Text26	Text27	Text28	Text29	Text30	Text31	Text32	Text33	Text34	Text35	Text36	Full description
1	DESPC	READNP	14	7	20	19	18	23	28	12	11	13	12	8	20	17	17	10	16	16	13	12	15	12	27	12	16	15	15	11	24	16	14	15	15	19	16	21	Paragraph count, number of paragraphs
2	DESSC	READNS	56	28	67	70	47	42	83	46	48	56	49	56	77	72	54	46	40	50	63	43	45	55	109	74	71	56	44	56	104	88	91	81	90	54	38	47	Sentence count, number of sentences
3	DESWC	READNW	536	352	635	568	705	650	702	686	392	411	378	345	507	546	503	507	502	576	405	584	579	352	526	460	517	510	499	364	628	527	536	535	566	977	783	704	Word count, number of words
4	DESPL	READAPL	4	4	3.350	3.684	2.611	1.826	2.964	3.833	4.364	4.308	4.083	7	3.850	4.235	3.176	4.600	2.5	3.125	4.846	3.583	3	4.583	4.037	6.167	4.438	3.733	2.933	5.091	4.333	5.5	6.5	5.400	6	2.842	2.375	2.238	Paragraph length, number of sentences in a paragraph, mean
5	DESPLd	n/a	1.961	1.732	1.461	2.626	1.975	1.114	1.753	3.786	3.355	3.497	2.843	4.660	2.346	3.231	1.131	3.502	1.155	1.668	2.703	2.021	1.464	3.088	2.738	3.271	2.529	2.576	1.751	3.270	3.031	3.266	3.798	3.019	3.024	1.893	1.996	1.446	Paragraph length, number of sentences in a pragraph, standard deviation
6	DESSL	READASL	9.571	12.571	9.478	8.114	15	15.476	8.458	14.913	8.167	7.339	7.714	6.161	6.584	7.583	9.315	11.022	12.550	11.520	6.429	13.581	12.867	6.400	4.826	6.216	7.282	9.107	11.341	6.5	6.038	5.989	5.890	6.605	6.289	18.093	20.605	14.979	Sentence length, number of words, mean
7	DESSLd	n/a	5.122	5.995	5.448	4.117	9.242	7.541	4.952	8.373	4.289	4.783	4.386	4.768	4.111	4.868	4.496	4.382	5.961	6.457	3.991	7.369	9.019	4.215	2.792	3.218	4.065	6.671	5.963	4.084	4.030	3.164	3.038	5.067	2.808	12.171	11.481	10.870	Sentence length, number of words, standard deviation
8	DESWLsy	READASW	1.25	1.162	1.224	1.229	1.287	1.363	1.316	1.277	1.270	1.253	1.262	1.168	1.146	1.288	1.308	1.361	1.297	1.292	1.180	1.289	1.423	1.335	1.162	1.189	1.25	1.224	1.279	1.275	1.322	1.235	1.276	1.342	1.267	1.402	1.390	1.466	Word length, number of syllables, mean
9	DESWLsyd	n/a	0.520	0.426	0.5	0.468	0.554	0.648	0.604	0.545	0.557	0.575	0.497	0.452	0.370	0.652	0.534	0.667	0.624	0.549	0.439	0.623	0.786	0.605	0.412	0.449	0.544	0.487	0.557	0.557	0.561	0.475	0.542	0.637	0.527	0.753	0.665	0.812	Word length, number of syllables, standard deviation
10	DESWLlt	n/a	3.795	3.653	3.981	3.783	3.987	4.320	4.041	4.103	4.087	3.871	3.979	3.330	3.677	3.747	4.008	4.467	3.940	3.972	3.812	4.075	4.515	4.026	3.576	3.541	3.928	3.873	4.144	3.857	3.893	3.672	3.707	3.847	3.823	4.515	4.400	4.753	Word length, number of letters, mean
11	DESWLltd	n/a	1.897	1.612	1.759	1.742	1.960	2.260	2.125	1.906	1.936	1.617	1.800	1.849	1.524	2.091	2.030	1.919	2.246	1.903	1.688	2.033	2.528	1.937	1.466	1.380	1.879	1.844	1.999	1.862	1.941	1.581	1.457	1.707	1.619	2.529	2.295	2.744	Word length, number of letters, standard deviation
12	PCNARz	n/a	1.478	1.515	1.097	1.716	1.110	0.996	1.156	0.643	1.591	1.749	1.408	2.375	2.343	2.249	1.331	-0.045	1.080	1.265	1.511	0.641	0.143	1.298	1.714	1.588	1.225	1.232	1.119	0.961	1.177	1.133	1.242	1.148	0.840	0.175	-0.163	0.212	Text Easability PC Narrativity, z score
13	PCNARp	n/a	92.920	93.450	86.210	95.640	86.650	83.890	87.490	73.890	94.410	95.910	91.920	99.110	99.040	98.75	90.820	48.400	85.770	89.620	93.450	73.890	55.570	90.150	95.640	94.290	88.880	89.070	86.650	83.150	87.900	87.080	89.25	87.290	79.950	56.75	43.640	58.320	Text Easability PC Narrativity, percentile
14	PCSYNz	n/a	1.051	-0.157	1.078	1.614	-0.093	-0.167	1.202	-0.076	1.091	1.739	1.095	1.278	2.402	1.217	0.711	1.484	0.587	0.557	1.807	0.197	0.565	2.297	2.942	2.201	1.346	1.341	0.379	1.593	1.662	2.306	1.967	2.635	2.151	-0.543	-0.671	-0.554	Text Easability PC Syntactic simplicity, z score
15	PCSYNp	n/a	85.310	44.040	85.770	94.630	46.410	43.640	88.490	47.210	86.210	95.820	86.210	89.800	99.180	88.690	76.110	93.060	71.900	70.880	96.410	57.530	71.230	98.900	99.840	98.610	90.990	90.990	64.430	94.410	95.150	98.930	97.5	99.570	98.420	29.460	25.140	29.120	Text Easability PC Syntactic simplicity, percentile
16	PCCNCz	n/a	1.775	2.645	0.987	0.427	0.442	0.612	-0.214	0.569	1.259	-0.855	0.309	-1.878	0.313	-0.911	0.596	0.774	1.566	-0.034	-0.394	1.064	-0.015	-0.541	0.397	0.574	0.109	-0.228	1.624	1.012	-1.561	-1.229	0.831	-1.265	-0.692	1.049	0.728	0.636	Text Easability PC Word concreteness, z score
17	PCCNCp	n/a	96.160	99.590	83.650	66.280	67	72.910	41.680	71.230	89.440	19.770	61.790	3.070	62.170	18.140	72.240	77.940	94.060	48.800	34.830	85.540	49.600	29.460	65.170	71.570	53.980	41.290	94.740	84.380	5.940	11.120	79.670	10.380	24.510	85.080	76.420	73.570	Text Easability PC Word concreteness, percentile
18	PCREFz	n/a	-0.006	0.844	-0.235	-0.770	-0.420	-0.345	-1.373	-0.763	0.076	-0.603	-0.572	1.215	0.251	0.324	-0.459	0.167	-0.242	-0.539	-1.128	-0.693	-1.930	0.455	0.775	0.157	-1.091	-0.271	-0.210	-1.034	0.273	0.958	0.448	0.448	0.592	-1.155	-1.756	-2.233	Text Easability PC Referential cohesion, z score
19	PCREFp	n/a	50	79.950	40.900	22.060	33.720	36.690	8.530	22.360	52.790	27.430	28.430	88.690	59.870	62.550	32.640	56.360	40.520	29.460	13.140	24.510	2.680	67.360	77.940	55.960	13.790	39.360	41.680	15.150	60.640	82.890	67	67	72.240	12.510	4.010	1.290	Text Easability PC Referential cohesion, percentile
20	PCDCz	n/a	0.123	-0.967	0.590	1.204	0.230	0.304	-0.077	1.543	-0.520	-0.650	-0.932	-2.054	-0.225	-0.976	-0.408	0.529	1.476	-1.169	-1.051	-0.021	0.872	-0.833	-1.283	-0.298	-0.691	1.223	-0.295	-1.307	-1.732	-1.058	-1.607	0.014	-1.662	0.279	0.329	-0.926	Text Easability PC Deep cohesion, z score
21	PCDCp	n/a	54.780	16.850	71.900	88.490	59.100	61.790	47.210	93.820	30.150	25.780	17.620	2.020	41.290	16.600	34.460	69.850	92.920	12.300	14.690	49.200	80.780	20.330	10.030	38.590	24.510	88.880	38.590	9.680	4.180	14.690	5.480	50.400	4.850	60.640	62.550	17.880	Text Easability PC Deep cohesion, percentile
22	PCVERBz	n/a	0.810	1.297	0.875	-0.047	0.973	0.410	-0.192	1.222	0.233	-0.175	0.519	0.561	-0.436	-0.104	0.421	0.545	0.172	-0.569	-1.153	2.113	0.274	1.883	-0.008	1.024	0.301	0.133	0.168	0.567	-0.114	0.222	1.516	0.268	0.116	-0.030	-0.023	-1.293	Text Easability PC Verb cohesion, z score
23	PCVERBp	n/a	79.100	90.150	80.780	48.400	83.400	65.540	42.470	88.880	59.100	43.25	69.5	71.230	33.360	46.020	66.280	70.540	56.75	28.770	12.510	98.260	60.640	96.990	50	84.610	61.790	55.170	56.360	71.230	45.620	58.710	93.450	60.260	54.380	48.800	49.200	9.850	Text Easability PC Verb cohesion, percentile
24	PCCONNz	n/a	-3.407	-4.315	-3.432	-2.293	-2.502	-2.690	-1.299	-2.445	-3.740	-1.740	-1.767	-0.961	-3.764	-2.028	-0.788	-4.047	-3.127	-2.526	-0.259	-3.112	-2.261	-1.103	-1.275	-1.811	-2.617	-0.983	-2.087	-1.729	-1.503	-2.091	-1.320	-3.404	-1.004	-1.780	-2.745	-1.498	Text Easability PC Connectivity, z score
25	PCCONNp	n/a	0.030	0	0.030	1.100	0.620	0.360	9.680	0.730	0	4.090	3.920	16.850	0	2.170	21.770	0	0.090	0.590	39.740	0.090	1.190	13.570	10.200	3.510	0.450	16.350	1.880	4.180	6.680	1.830	9.340	0.030	15.870	3.75	0.310	6.810	Text Easability PC Connectivity, percentile
26	PCTEMPz	n/a	0.484	0.558	1.226	0.106	-0.087	0.124	0.392	0.407	1.450	1.102	0.75	0.812	0.284	0.613	0.224	0.857	0.031	0.302	0.249	-0.509	-0.294	0.606	1.190	0.536	0.488	1.245	1.088	0.431	1.072	0.831	0.474	1.539	1.505	1.140	0.710	0.756	Text Easability PC Temporality, z score
27	PCTEMPp	n/a	68.440	70.880	88.880	53.980	46.810	54.780	65.170	65.540	92.650	86.430	77.340	79.100	61.030	72.910	58.710	80.230	51.200	61.790	59.480	30.850	38.590	72.570	88.100	70.190	68.440	89.25	85.990	66.640	85.770	79.670	68.080	93.700	93.320	87.080	76.110	77.340	Text Easability PC Temporality, percentile
28	CRFNO1	CRFBN1um	0.145	0.259	0.106	0.058	0.196	0.220	0.049	0.267	0.128	0.055	0.063	0.109	0.079	0.070	0.075	0.400	0.128	0.102	0.048	0.119	0.068	0.204	0.185	0.082	0.029	0.109	0.186	0.109	0.194	0.218	0.167	0.200	0.270	0.094	0.054	0.065	Noun overlap, adjacent sentences, binary, mean
29	CRFAO1	CRFBA1um	0.418	0.519	0.470	0.290	0.5	0.488	0.244	0.378	0.447	0.164	0.271	0.382	0.342	0.437	0.226	0.400	0.462	0.306	0.194	0.381	0.159	0.278	0.296	0.219	0.214	0.309	0.465	0.182	0.272	0.425	0.244	0.288	0.303	0.377	0.243	0.283	Argument overlap, adjacent sentences, binary, mean
30	CRFSO1	CRFBS1um	0.182	0.259	0.121	0.058	0.283	0.317	0.049	0.289	0.149	0.073	0.063	0.200	0.105	0.085	0.075	0.400	0.205	0.122	0.065	0.119	0.068	0.315	0.231	0.110	0.043	0.127	0.209	0.109	0.223	0.218	0.200	0.275	0.315	0.151	0.162	0.109	Stem overlap, adjacent sentences, binary, mean
31	CRFNOa	CRFBNaum	0.125	0.147	0.112	0.071	0.125	0.184	0.045	0.215	0.052	0.083	0.080	0.063	0.052	0.065	0.155	0.254	0.096	0.090	0.047	0.077	0.106	0.174	0.127	0.146	0.034	0.115	0.143	0.081	0.216	0.193	0.179	0.185	0.225	0.122	0.062	0.041	Noun overlap, all sentences, binary, mean
32	CRFAOa	CRFBAaum	0.341	0.440	0.356	0.214	0.414	0.408	0.188	0.291	0.348	0.242	0.216	0.356	0.295	0.371	0.318	0.304	0.432	0.299	0.167	0.245	0.200	0.240	0.263	0.241	0.188	0.309	0.377	0.141	0.295	0.305	0.244	0.258	0.286	0.353	0.234	0.207	Argument overlap, all sentences, binary, mean
33	CRFSOa	CRFBSaum	0.135	0.182	0.130	0.073	0.159	0.238	0.052	0.240	0.059	0.095	0.080	0.105	0.076	0.077	0.159	0.284	0.136	0.128	0.054	0.085	0.119	0.251	0.154	0.172	0.047	0.121	0.184	0.085	0.256	0.208	0.229	0.272	0.276	0.157	0.092	0.065	Stem overlap, all sentences, binary, mean
34	CRFCWO1	CRFPC1um	0.097	0.154	0.102	0.075	0.094	0.098	0.056	0.065	0.121	0.056	0.088	0.162	0.109	0.126	0.066	0.106	0.087	0.080	0.044	0.081	0.035	0.087	0.109	0.058	0.071	0.125	0.099	0.048	0.087	0.168	0.090	0.129	0.130	0.057	0.029	0.035	Content word overlap, adjacent sentences, proportional, mean
35	CRFCWO1d	n/a	0.138	0.167	0.118	0.123	0.104	0.110	0.097	0.082	0.184	0.099	0.145	0.208	0.155	0.173	0.101	0.147	0.110	0.103	0.098	0.110	0.071	0.127	0.163	0.113	0.134	0.182	0.147	0.097	0.153	0.206	0.161	0.191	0.175	0.091	0.051	0.063	Content word overlap, adjacent sentences, proportional, standard deviation
36	CRFCWOa	CRFPCaum	0.085	0.105	0.086	0.053	0.068	0.076	0.045	0.048	0.096	0.071	0.063	0.141	0.082	0.105	0.083	0.068	0.079	0.074	0.042	0.049	0.041	0.094	0.107	0.095	0.055	0.079	0.070	0.044	0.107	0.109	0.089	0.104	0.106	0.054	0.033	0.028	Content word overlap, all sentences, proportional, mean
37	CRFCWOad	n/a	0.128	0.127	0.126	0.107	0.091	0.100	0.100	0.079	0.156	0.116	0.119	0.209	0.137	0.152	0.121	0.105	0.104	0.116	0.108	0.082	0.093	0.147	0.183	0.167	0.119	0.128	0.103	0.112	0.179	0.162	0.159	0.159	0.156	0.083	0.058	0.060	Content word overlap, all sentences, proportional, standard deviation
38	LSASS1	LSAassa	0.112	0.167	0.124	0.086	0.152	0.216	0.078	0.142	0.207	0.110	0.133	0.244	0.142	0.137	0.156	0.348	0.140	0.155	0.128	0.146	0.075	0.143	0.186	0.095	0.063	0.172	0.173	0.076	0.153	0.241	0.175	0.215	0.228	0.154	0.127	0.093	LSA overlap, adjacent sentences, mean
39	LSASS1d	LSAassd	0.175	0.180	0.167	0.149	0.181	0.129	0.153	0.167	0.188	0.140	0.231	0.228	0.209	0.193	0.136	0.233	0.151	0.176	0.152	0.143	0.144	0.218	0.244	0.145	0.129	0.200	0.205	0.166	0.197	0.248	0.219	0.259	0.258	0.102	0.097	0.131	LSA overlap, adjacent sentences, standard deviation
40	LSASSp	LSApssa	0.091	0.122	0.137	0.111	0.099	0.172	0.080	0.127	0.153	0.110	0.130	0.191	0.121	0.118	0.160	0.293	0.154	0.147	0.096	0.123	0.107	0.124	0.188	0.158	0.058	0.144	0.155	0.065	0.172	0.212	0.182	0.195	0.191	0.159	0.145	0.062	LSA overlap, all sentences in paragraph, mean
41	LSASSpd	LSApssd	0.154	0.136	0.162	0.196	0.157	0.123	0.161	0.154	0.186	0.175	0.200	0.216	0.173	0.179	0.131	0.235	0.188	0.174	0.156	0.150	0.163	0.219	0.239	0.233	0.130	0.183	0.198	0.160	0.214	0.225	0.232	0.232	0.230	0.115	0.100	0.102	LSA overlap, all sentences in paragraph, standard deviation
42	LSAPP1	LSAppa	0.346	0.373	0.306	0.105	0.289	0.278	0.147	0.157	0.391	0.353	0.292	0.423	0.25	0.227	0.269	0.517	0.273	0.319	0.258	0.240	0.110	0.417	0.473	0.392	0.186	0.282	0.267	0.240	0.476	0.620	0.415	0.494	0.598	0.227	0.207	0.185	LSA overlap, adjacent paragraphs, mean
43	LSAPP1d	LSAppd	0.203	0.135	0.207	0.154	0.218	0.123	0.160	0.166	0.163	0.217	0.223	0.155	0.157	0.159	0.120	0.309	0.151	0.218	0.173	0.146	0.098	0.261	0.187	0.186	0.137	0.122	0.144	0.209	0.212	0.207	0.252	0.200	0.234	0.136	0.118	0.104	LSA overlap, adjacent paragraphs, standard deviation
44	LSAGN	LSAGN	0.322	0.329	0.369	0.295	0.323	0.339	0.284	0.318	0.350	0.358	0.342	0.440	0.355	0.348	0.326	0.417	0.326	0.361	0.345	0.299	0.270	0.419	0.451	0.411	0.292	0.334	0.337	0.327	0.436	0.461	0.401	0.414	0.448	0.289	0.261	0.254	LSA given/new, sentences, mean
45	LSAGNd	n/a	0.139	0.128	0.142	0.124	0.129	0.119	0.117	0.107	0.147	0.137	0.153	0.195	0.141	0.131	0.116	0.142	0.117	0.127	0.152	0.106	0.107	0.205	0.181	0.169	0.129	0.144	0.133	0.165	0.158	0.143	0.157	0.168	0.158	0.086	0.084	0.102	LSA given/new, sentences, standard deviation
46	LDTTRc	TYPTOKc	0.595	0.562	0.532	0.587	0.634	0.633	0.637	0.599	0.663	0.543	0.599	0.417	0.428	0.592	0.598	0.594	0.730	0.590	0.626	0.732	0.697	0.405	0.336	0.416	0.691	0.622	0.722	0.608	0.338	0.313	0.368	0.289	0.332	0.749	0.832	0.846	Lexical diversity, type-token ratio, content word lemmas
47	LDTTRa	n/a	0.393	0.370	0.370	0.391	0.425	0.419	0.415	0.394	0.430	0.400	0.446	0.265	0.300	0.369	0.420	0.417	0.472	0.390	0.472	0.439	0.495	0.272	0.230	0.287	0.453	0.428	0.470	0.457	0.235	0.242	0.259	0.231	0.244	0.452	0.523	0.547	Lexical diversity, type-token ratio, all words
48	LDMTLD	LEXDIVTD	64.659	40.688	64.463	87.229	88.542	86.819	114.121	72.110	58.497	57.269	71.359	28.583	56.709	52.023	70.682	58.503	73.291	70.117	104.546	65.968	129.157	37.785	31.436	39.604	70.322	61.037	72.798	69.488	38.946	32.336	35.785	33.75	36.141	91.482	113.071	176.703	Lexical diversity, MTLD, all words
49	LDVOCD	LEXDIVVD	71.443	51.285	79.716	100.975	107.123	101.879	124.158	107.433	66.543	69.305	77.167	37.113	57.604	71.431	92.701	59.791	74.178	93.089	105.010	78.490	139.887	35.497	37.699	47.773	91.447	76.674	82.691	91.080	40.163	44.524	48.551	44.478	47.243	86.549	100.585	131.693	Lexical diversity, VOCD, all words
50	CNCAll	CONi	98.881	99.432	105.512	96.831	86.525	89.231	72.650	97.668	84.184	65.693	58.201	43.478	82.840	64.103	67.594	102.564	123.506	65.972	46.914	97.603	84.629	42.614	36.122	58.696	69.632	90.196	70.140	54.945	47.771	53.131	42.910	76.636	35.336	93.142	104.725	62.5	All connectives incidence
51	CNCCaus	CONCAUSi	20.522	5.682	20.472	29.930	19.858	23.077	17.094	39.359	15.306	12.165	10.582	8.696	9.862	10.989	17.893	29.586	37.849	8.681	12.346	20.548	25.907	34.091	7.605	15.217	11.605	33.333	18.036	10.989	6.369	20.873	5.597	33.645	10.601	19.447	17.880	17.045	Causal connectives incidence
52	CNCLogic	CONLOGi	35.448	22.727	36.220	49.296	39.716	40	27.066	43.732	30.612	21.898	21.164	14.493	33.531	29.304	17.893	37.475	43.825	24.306	14.815	30.822	51.813	14.205	19.011	39.130	27.079	37.255	22.044	10.989	20.701	18.975	9.328	41.121	10.601	29.683	30.651	12.784	Logical connectives incidence
53	CNCADC	CONADVCONi	7.463	8.523	14.173	10.563	18.440	15.385	9.972	17.493	15.306	9.732	15.873	11.594	11.834	20.147	1.988	27.613	13.944	17.361	0	13.699	22.453	8.523	11.407	17.391	19.342	15.686	12.024	5.495	20.701	11.385	9.328	22.430	8.834	6.141	16.603	9.943	Adversative and contrastive connectives incidence
54	CNCTemp	CONTEMPi	16.791	22.727	33.071	24.648	21.277	13.846	18.519	17.493	10.204	19.465	10.582	2.899	21.696	9.158	23.857	19.724	29.880	17.361	7.407	23.973	17.271	0	1.901	13.043	17.408	33.333	22.044	5.495	6.369	7.590	3.731	7.477	0	33.777	33.206	7.102	Temporal connectives incidence
55	CNCTempx	CONTEMPEXi	27.985	28.409	23.622	29.930	29.787	16.923	28.490	29.155	17.857	9.732	5.291	0	27.613	25.641	13.917	21.696	35.857	3.472	27.160	25.685	44.905	11.364	45.627	15.217	23.211	25.490	16.032	13.736	4.777	28.463	3.731	24.299	12.367	15.353	15.326	9.943	Expanded temporal connectives incidence
56	CNCAdd	CONADDi	65.299	79.545	62.992	45.775	48.227	50.769	37.037	45.190	68.878	38.929	34.392	37.681	61.144	40.293	31.809	65.089	59.761	45.139	27.160	63.356	39.724	36.932	30.418	41.304	44.487	27.451	44.088	41.209	41.401	51.233	39.179	59.813	30.035	46.059	52.363	35.511	Additive connectives incidence
57	CNCPos	n/a	0	0	0	0	0	0	0	0	0	0	0	0	0	0	0	0	0	0	0	0	0	0	0	0	0	0	0	0	0	0	0	0	0	0	0	0	Positive connectives incidence
58	CNCNeg	n/a	0	0	0	0	0	0	0	0	0	0	0	0	0	0	0	0	0	0	0	0	0	0	0	0	0	0	0	0	0	0	0	0	0	0	0	0	Negative connectives incidence
59	SMCAUSv	CAUSV	44.776	36.932	42.520	56.338	21.277	33.846	45.584	26.239	63.776	51.095	50.265	37.681	84.813	51.282	31.809	57.199	37.849	38.194	61.728	35.959	27.634	68.182	96.958	47.826	56.093	54.902	50.100	52.198	22.293	62.619	48.507	33.645	53.004	26.612	16.603	22.727	Causal verb incidence
60	SMCAUSvp	CAUSVP	55.970	39.773	47.244	65.141	28.369	49.231	51.282	43.732	66.327	58.394	58.201	40.580	84.813	58.608	37.773	67.061	51.793	41.667	64.198	42.808	37.997	68.182	96.958	50	59.961	68.627	52.104	54.945	23.885	62.619	48.507	33.645	56.537	34.800	26.820	28.409	Causal verbs and causal particles incidence
61	SMINTEp	INTEi	55.970	25.568	31.496	47.535	28.369	21.538	44.160	11.662	38.265	60.827	39.683	63.768	53.254	53.114	51.690	37.475	35.857	29.514	61.728	32.534	20.725	68.182	60.837	89.130	42.553	37.255	30.060	57.692	62.102	51.233	89.552	71.028	63.604	21.494	14.049	14.205	Intentional verbs incidence
62	SMCAUSr	CAUSC	0.240	0.071	0.107	0.152	0.313	0.435	0.121	0.632	0.038	0.136	0.150	0.071	0	0.138	0.176	0.167	0.350	0.087	0.038	0.182	0.353	0	0	0.043	0.067	0.241	0.038	0.050	0.067	0	0	0	0.065	0.296	0.571	0.235	Ratio of casual particles to causal verbs
63	SMINTEr	INTEC	0.258	0.200	0.524	0.571	0.524	0.800	0.344	2.778	0.313	0.192	0.25	0.130	0.179	0.100	0.333	0.75	0.842	0.222	0.192	0.5	0.846	0.480	0.121	0.167	0.217	0.75	0.563	0.182	0.075	0.393	0.061	0.462	0.162	0.773	1	1	Ratio of intentional particles to intentional verbs
64	SMCAUSlsa	CAUSLSA	0.102	0.049	0.108	0.061	0.094	0.076	0.045	0.110	0.083	0.084	0.054	0.118	0.051	0.080	0.122	0.051	0.058	0.050	0.048	0.105	0.103	0.128	0.072	0.094	0.090	0.080	0.047	0.090	0.089	0.128	0.120	0.155	0.109	0.061	0.064	0.031	LSA verb overlap
65	SMCAUSwn	CAUSWN	0.520	0.580	0.663	0.440	0.626	0.631	0.424	0.426	0.395	0.427	0.682	0.420	0.452	0.412	0.560	0.668	0.595	0.462	0.348	0.648	0.485	0.762	0.531	0.588	0.502	0.470	0.562	0.556	0.393	0.356	0.700	0.611	0.688	0.525	0.491	0.357	WordNet verb overlap
66	SMTEMP	TEMPta	0.918	0.907	0.955	0.870	0.837	0.841	0.921	0.867	0.989	0.945	0.906	0.936	0.868	0.915	0.877	0.922	0.846	0.878	0.887	0.798	0.818	0.907	0.977	0.925	0.893	0.955	0.965	0.918	0.956	0.937	0.928	0.981	0.983	0.943	0.892	0.913	Temporal cohesion, tense and aspect repetition, mean
67	SYNLE	SYNLE	2.196	2.036	2.388	1.614	4.574	3.119	2.265	2.565	1.271	1.804	1.755	1.696	1.558	2.153	3.093	3.457	3.025	3.040	1.857	2.744	1.756	1.327	1.229	1.446	1.141	1.875	2.091	1.411	1.481	1.420	1.088	1.630	1.433	4.278	2.895	2.723	Left embeddedness, words before main verb, mean
68	SYNNP	SYNNP	0.646	0.798	0.732	0.592	0.827	0.770	0.535	0.729	0.527	0.585	0.595	0.266	0.493	0.399	0.773	0.836	0.659	0.669	0.497	0.730	0.754	0.614	0.448	0.497	0.617	0.632	0.695	0.620	0.488	0.561	0.452	0.546	0.575	1.028	0.944	0.852	Number of modifiers per noun phrase, mean
69	SYNMEDpos	MEDwtm	0.652	0.592	0.723	0.726	0.680	0.729	0.736	0.698	0.700	0.746	0.741	0.728	0.737	0.688	0.695	0.666	0.665	0.722	0.737	0.677	0.732	0.715	0.721	0.736	0.762	0.690	0.677	0.75	0.782	0.713	0.732	0.754	0.717	0.704	0.636	0.709	Minimal Edit Distance, part of speech
70	SYNMEDwrd	MEDawm	0.912	0.833	0.933	0.926	0.909	0.912	0.946	0.912	0.897	0.963	0.940	0.865	0.912	0.877	0.915	0.862	0.906	0.938	0.979	0.883	0.948	0.906	0.928	0.930	0.933	0.889	0.893	0.960	0.932	0.843	0.903	0.921	0.912	0.919	0.925	0.946	Minimal Edit Distance, all words
71	SYNMEDlem	MEDalm	0.892	0.820	0.907	0.917	0.899	0.890	0.928	0.892	0.876	0.938	0.914	0.833	0.886	0.850	0.902	0.837	0.891	0.927	0.949	0.858	0.912	0.898	0.901	0.915	0.906	0.865	0.880	0.957	0.922	0.832	0.887	0.905	0.890	0.906	0.899	0.941	Minimal Edit Distance, lemmas
72	SYNSTRUTa	STRUTa	0.173	0.118	0.149	0.113	0.098	0.071	0.128	0.089	0.144	0.136	0.152	0.181	0.187	0.166	0.152	0.150	0.117	0.101	0.185	0.114	0.080	0.211	0.229	0.166	0.129	0.167	0.104	0.170	0.150	0.214	0.146	0.180	0.178	0.059	0.101	0.068	Sentence syntax similarity, adjacent sentences, mean
73	SYNSTRUTt	STRUTt	0.151	0.113	0.155	0.123	0.107	0.068	0.130	0.065	0.168	0.150	0.127	0.169	0.168	0.167	0.141	0.160	0.112	0.090	0.180	0.111	0.082	0.188	0.225	0.146	0.140	0.152	0.096	0.166	0.151	0.199	0.142	0.183	0.173	0.069	0.061	0.057	Sentence syntax similarity, all combinations, across paragraphs, mean
74	DRNP	n/a	367.537	431.818	349.606	360.916	346.099	356.923	351.852	355.685	382.653	333.333	357.143	397.101	321.499	351.648	316.103	362.919	332.669	368.056	385.185	351.027	386.874	343.75	365.019	391.304	342.360	364.706	356.713	425.824	371.019	360.531	386.194	371.963	374.558	353.122	369.093	396.307	Noun phrase density, incidence
75	DRVP	n/a	192.164	150.568	203.150	250	200	204.615	266.382	237.609	224.490	228.710	253.968	333.333	264.300	278.388	250.497	205.128	243.028	208.333	237.037	253.425	217.617	298.295	243.346	269.565	237.911	213.726	224.449	228.022	251.592	288.425	289.179	267.290	226.148	174.002	164.751	188.920	Verb phrase density, incidence
76	DRAP	n/a	35.448	34.091	53.543	40.493	46.809	40	41.311	34.985	20.408	43.796	37.037	14.493	69.034	32.967	51.690	25.641	35.857	36.458	37.037	35.959	37.997	17.045	22.814	26.087	27.079	43.137	30.060	16.484	28.662	53.131	14.925	24.299	24.735	50.154	29.374	35.511	Adverbial phrase density, incidence
77	DRPP	n/a	93.284	133.523	74.016	75.704	97.872	103.077	78.348	102.041	112.245	63.260	84.656	23.188	61.144	64.103	63.618	104.536	107.570	86.806	74.074	106.164	89.810	76.705	57.034	43.478	83.172	113.725	96.192	74.176	71.656	43.643	41.045	37.383	72.438	125.896	128.991	102.273	Preposition phrase density, incidence
78	DRPVAL	AGLSPSVi	0	0	0	0	2.837	4.615	0	1.458	0	2.433	0	0	0	1.832	5.964	11.834	1.992	0	0	0	5.181	0	0	0	0	3.922	2.004	0	0	0	0	0	0	5.118	7.663	5.682	Agentless passive voice density, incidence
79	DRNEG	DENNEGi	16.791	5.682	9.449	24.648	11.348	15.385	8.547	13.120	10.204	31.630	23.810	20.290	37.475	29.304	11.928	11.834	7.968	34.722	9.877	3.425	6.908	36.932	38.023	23.913	25.145	13.725	16.032	21.978	9.554	3.795	13.060	33.645	22.968	3.071	1.277	11.364	Negation density, incidence
80	DRGERUND	GERUNDi	7.463	2.841	4.724	8.803	5.674	6.154	39.886	8.746	12.755	7.299	15.873	26.087	3.945	27.473	15.905	3.945	17.928	1.736	2.469	15.411	10.363	31.25	19.011	19.565	7.737	13.725	22.044	8.242	14.331	22.770	31.716	3.738	3.534	27.636	12.771	25.568	Gerund density, incidence
81	DRINF	INFi	9.328	8.523	11.024	12.324	18.440	18.462	17.094	23.324	15.306	12.165	21.164	26.087	3.945	18.315	9.940	17.751	33.865	6.944	4.938	23.973	12.090	22.727	1.901	2.174	21.277	3.922	18.036	10.989	9.554	20.873	5.597	13.084	1.767	12.282	6.386	8.523	Infinitive density, incidence
82	WRDNOUN	NOUNi	222.015	215.909	240.945	211.268	225.531	224.616	225.072	233.236	216.837	204.379	206.350	159.421	167.653	148.352	204.771	230.769	199.204	227.430	219.753	205.480	262.521	278.410	249.049	263.044	208.898	227.451	242.485	282.967	296.178	240.986	274.254	293.458	302.121	220.061	237.548	237.215	Noun incidence
83	WRDVERB	VERBi	130.598	116.477	157.480	137.325	144.682	136.923	155.271	135.568	145.408	189.780	171.958	127.537	183.432	166.667	165.010	140.039	157.370	109.375	140.742	147.260	124.353	190.341	184.410	163.043	147.001	154.901	164.328	156.593	135.349	155.598	179.104	168.224	169.612	132.037	108.556	143.466	Verb incidence
84	WRDADJ	ADJi	50.373	65.341	72.441	44.015	80.851	73.845	51.283	71.429	66.327	82.725	71.429	72.464	53.254	60.441	75.547	72.978	67.729	67.708	44.444	78.767	77.720	34.091	38.023	43.478	75.435	62.746	52.104	43.956	38.216	72.106	35.448	57.944	63.604	85.978	109.834	106.534	Adjective incidence
85	WRDADV	ADVi	55.970	53.977	69.291	82.746	72.340	80	56.981	68.513	38.265	107.056	71.429	34.783	128.205	76.923	81.511	49.310	55.777	76.389	66.667	49.658	58.722	48.295	45.627	50	65.764	76.471	52.104	49.450	47.770	74.004	31.716	85.981	72.438	77.789	61.302	56.818	Adverb incidence
86	WRDPRO	DENPRPi	154.851	173.296	140.158	161.972	131.915	107.692	121.083	87.464	181.123	138.686	137.566	217.391	145.957	186.813	170.974	39.448	107.570	154.514	165.432	101.027	75.993	122.159	148.289	143.478	143.134	131.373	124.249	120.879	127.389	136.622	128.731	117.757	104.240	78.813	81.737	98.011	Pronoun incidence
87	WRDPRP1s	n/a	69.030	51.136	11.024	33.451	38.298	3.077	51.282	4.373	5.102	9.732	13.228	133.333	19.724	87.912	77.535	0	81.673	52.083	29.630	44.521	10.363	31.25	28.517	10.870	27.079	11.765	8.016	27.473	49.363	49.336	16.791	31.776	8.834	2.047	33.206	12.784	First person singular pronoun incidence
88	WRDPRP1p	n/a	9.328	19.886	0	7.042	1.418	0	7.123	0	0	14.599	2.646	0	0	0	3.976	0	0	5.208	9.877	6.849	6.908	8.523	0	26.087	3.868	0	0	24.725	0	5.693	7.463	18.692	0	1.024	25.543	9.943	First person plural pronoun incidence
89	WRDPRP2	PRO2i	7.463	0	4.724	36.972	9.929	4.615	12.821	5.831	2.551	19.465	10.582	52.174	1.972	42.125	33.797	0	7.968	45.139	24.691	3.425	5.181	19.886	3.802	2.174	9.671	9.804	6.012	5.495	28.662	17.078	16.791	24.299	12.367	1.024	0	9.943	Second person pronoun incidence
90	WRDPRP3s	n/a	33.582	68.182	100.787	68.662	68.085	60	27.066	43.732	125	80.292	71.429	20.290	96.647	40.293	49.702	0	3.984	29.514	81.481	27.397	12.090	51.136	93.156	28.261	69.632	92.157	74.148	41.209	42.994	30.361	57.836	31.776	61.837	55.271	3.831	53.977	Third person singular pronoun incidence
91	WRDPRP3p	n/a	14.925	19.886	1.575	1.761	1.418	33.846	5.698	17.493	28.061	4.866	15.873	0	15.779	1.832	0	35.503	1.992	5.208	7.407	6.849	24.180	8.523	1.901	23.913	3.868	11.765	18.036	5.495	4.777	22.770	18.657	7.477	8.834	5.118	8.940	11.364	Third person plural pronoun incidence
92	WRDFRQc	FRCLacwm	2.661	2.569	2.579	2.698	2.616	2.480	2.534	2.606	2.580	2.639	2.564	2.808	2.648	2.660	2.561	2.412	2.450	2.412	2.521	2.528	2.428	2.849	2.612	2.805	2.509	2.432	2.409	2.575	2.538	2.608	2.768	2.594	2.399	2.046	2.093	2.019	CELEX word frequency for content words, mean
93	WRDFRQa	FRCLaewm	3.237	3.306	3.147	3.185	3.215	3.170	3.142	3.171	3.249	3.170	3.158	3.268	3.212	3.237	3.089	3.217	3.127	3.068	3.083	3.303	3.084	3.360	3.178	3.350	3.149	3.146	3.165	3.194	3.176	3.080	3.284	3.066	2.948	3.027	2.963	2.940	CELEX Log frequency for all words, mean
94	WRDFRQmc	FRCLmcsm	2.012	1.776	1.864	2.097	1.745	1.369	1.893	1.646	2.075	2.031	1.964	2.108	2.048	2.173	1.767	1.564	1.581	1.801	1.898	1.855	1.397	2.212	2.362	2.454	1.891	1.926	1.737	1.926	2.093	1.865	2.166	1.998	1.517	1.356	1.057	1.381	CELEX Log minimum frequency for content words, mean
95	WRDAOAc	WRDAacwm	226.612	220.147	250.438	238.891	272.103	288.437	288.685	273.032	255.659	256.043	260.542	212.111	209.923	285.737	215.786	318.639	254.643	281.423	249.594	275.911	310.683	211.214	216.435	217	257.5	286.552	269.588	241.125	273.067	263.889	231.083	246.564	234.025	316.215	331.736	331.080	Age of acquisition for content words, mean
96	WRDFAMc	WRDFacwm	598.505	594.200	588.709	595.149	586.237	585.869	587.877	584.697	602.664	590.348	590.710	597.333	596.815	591.989	590.480	575.617	582.919	576.544	595.507	583.804	583.108	595.855	596.070	594.694	580.055	581.149	584.798	596.312	584.199	597.414	595.828	589.126	590.646	562.318	561.767	556.414	Familiarity for content words, mean
97	WRDCNCc	WRDCacwm	436.679	437.130	402.908	403.038	389.207	387.441	385.677	394.151	404.659	380.575	418.906	335.089	402.934	373.224	403.655	392.135	430.639	395.279	387.522	397.907	381.125	398.549	424.913	419.359	396.387	374.464	430.243	426.805	353.574	342.035	415.784	362.492	382.617	409.770	402.945	417.640	Concreteness for content words, mean
98	WRDIMGc	WRDIacwm	472.328	476.452	438.136	431.450	423.893	422.646	411.619	430.555	443.550	416.466	437.377	383.938	430.559	411.701	451.356	431.990	452.528	432.747	427.458	436.062	425.608	418.402	453.557	444.975	433.085	410.409	458.653	464.904	384.551	391.124	445.941	403.473	415.815	441.469	436.512	443.934	Imagability for content words, mean
99	WRDMEAc	WRDMacwm	468.520	470.732	437.900	442.310	433.947	447.844	433.618	442.411	457.060	428.748	437.137	437.256	437.427	438.288	462.069	440.304	441.118	448.5	428.109	438.401	433.134	430.892	452.730	459.941	436.371	422.152	450.142	473.333	424.926	432.424	470.523	428.295	425.480	435.158	427.303	438.079	Meaningfulness, Colorado norms, content words, mean
100	WRDPOLc	POLm	3.862	3.663	3.978	4.278	4.148	3.939	4.257	4.225	3.576	4.154	4.127	3.695	4.728	3.768	3.735	4.143	4.157	3.285	3.494	4.705	3.694	4.426	4.248	4.202	4.027	4.485	4.114	3.334	3.089	3.972	4.613	3.673	4.032	3.819	3.710	3.524	Polysemy for content words, mean
101	WRDHYPn	HYNOUNaw	5.979	6.445	5.628	6.395	4.919	5.736	5.183	5.340	5.442	5.428	5.343	5.044	6.124	5.702	5.606	5.600	6.510	5.722	5.788	5.060	6.282	5.514	6.102	4.969	6.065	6.353	6.467	5.791	5.283	3.692	3.473	3.922	6.745	6.131	6.790	6.769	Hypernymy for nouns, mean
102	WRDHYPv	HYVERBaw	1.503	1.690	1.691	1.321	1.680	1.562	1.416	1.493	1.309	1.613	1.662	1.391	1.652	1.411	1.590	1.664	1.578	1.637	1.670	1.480	1.408	1.568	1.386	1.766	1.573	1.607	1.659	1.645	1.659	1.116	1.768	1.780	1.640	1.671	1.738	1.648	Hypernymy for verbs, mean
103	WRDHYPnv	HYPm	1.339	1.413	1.377	1.381	1.238	1.382	1.239	1.347	1.258	1.150	1.207	0.932	1.114	0.985	1.246	1.702	1.423	1.335	1.231	1.225	1.653	1.458	1.378	1.364	1.331	1.548	1.655	1.546	1.457	0.911	1.067	1.176	1.828	1.433	1.676	1.613	Hypernymy for nouns and verbs, mean
104	RDFRE	READFRE	91.370	95.770	93.664	94.626	82.730	75.817	86.917	83.664	91.104	93.382	92.240	100	100	90.173	86.723	80.507	84.371	85.839	100	84.001	73.389	87.398	100	99.936	93.694	94.041	87.121	92.373	88.865	96.275	92.907	86.598	93.263	69.861	68.327	67.608	Flesch Reading Ease
105	RDFKGL	READFKGL	2.893	3.024	2.550	2.077	5.447	6.529	3.237	5.295	2.581	2.058	2.310	0.595	0.501	2.566	3.477	4.768	4.609	4.148	0.841	4.917	6.220	2.659	0.004	0.864	2	2.405	3.925	1.990	2.364	1.319	1.764	2.822	1.813	8.010	8.848	7.551	Flesch-Kincaid Grade level
106	RDL2	L2	29.734	27.295	26.702	25.719	23.973	19.502	22.007	21.685	27.403	24.822	25.817	36.884	30.932	30.791	24.590	23.25	21.088	18.904	24.593	22.323	15.618	35.711	32.708	30.448	22.304	25.743	20.002	25.068	25.073	34.779	30.080	30.336	25.944	7.004	9.139	5.792	Coh-Metrix L2 Readability
