Number	Label	Label V2.x	Text	Text2	Text3	Text4	Text	Text6	Text7	Text8	Text9	Text10	Text11	Text12	Text13	Text14	Text15	Text16	Text17	Text18	Text19	Text20	Text21	Text22	Text23	Text24	Text25	Text26	Text27	Text28	Text29	Text30	Text31	Text32	Full description																																		
1	DESPC	READNP	1	1	1	1	1	1	1	1	1	1	1	1	1	1	1	1	1	1	1	1	1	1	1	1	1	1	1	1	1	1	1	1	Paragraph count, number of paragraphs
2	DESSC	READNS	1012	1529	1152	1547	2041	1916	3678	2520	1816	2431	1507	818	2253	2647	628	2787	2015	2139	3085	2308	1590	1592	2595	2271	83	3106	943	1748	1966	1024	1341	1816	Sentence count, number of sentences
3	DESWC	READNW	15527	38403	12099	26721	22053	26281	25377	32085	28842	38225	39433	13438	30291	38877	11309	19125	25240	18317	23100	22356	14903	23251	28456	38676	2163	25952	30630	25645	17593	25060	20917	28842	Word count, number of words
4	DESPL	READAPL	1012	1529	1152	1547	2041	1916	3678	2520	1816	2431	1507	818	2253	2647	628	2787	2015	2139	3085	2308	1590	1592	2595	2271	83	3106	943	1748	1966	1024	1341	1816	Paragraph length, number of sentences in a paragraph, mean
5	DESPLd	n/a	0	0	0	0	0	0	0	0	0	0	0	0	0	0	0	0	0	0	0	0	0	0	0	0	0	0	0	0	0	0	0	0	Paragraph length, number of sentences in a pragraph, standard deviation
6	DESSL	READASL	15.343	25.116	10.503	17.273	10.805	13.717	6.900	12.732	15.882	15.724	26.167	16.428	13.445	14.687	18.008	6.862	12.526	8.563	7.488	9.686	9.373	14.605	10.966	17.030	26.060	8.355	32.481	14.671	8.949	24.473	15.598	15.882	Sentence length, number of words, mean
7	DESSLd	n/a	10.795	13.208	7.819	16.645	16.094	8.268	7.019	10.463	15.448	11.287	22.031	13.375	16.605	12.671	14.248	6.954	14.698	10.293	12.234	11.395	10.586	10.931	11.726	12.723	26.767	9.304	23.075	11.398	11.983	18.217	16.867	15.448	Sentence length, number of words, standard deviation
8	DESWLsy	READASW	1.252	1.258	1.260	1.281	1.301	1.236	1.334	1.355	1.316	1.380	1.653	1.564	1.281	1.366	1.451	1.441	1.268	1.298	1.440	1.319	1.308	1.246	1.305	1.334	1.301	1.291	1.399	1.262	1.281	1.342	1.274	1.316	Word length, number of syllables, mean
9	DESWLsyd	n/a	0.526	0.557	0.570	0.577	0.610	0.515	0.667	0.703	0.629	0.734	0.993	0.900	0.608	0.719	0.810	0.772	0.587	0.576	0.811	0.657	0.628	0.501	0.641	0.619	0.600	0.604	0.666	0.572	0.595	0.674	0.615	0.629	Word length, number of syllables, standard deviation
10	DESWLlt	n/a	3.970	3.936	3.926	3.966	4.029	3.861	3.885	4.215	4.229	4.167	4.947	4.685	4.061	4.221	4.349	4.248	4.073	4.126	4.398	4.009	4.070	3.918	4.009	4.198	4.177	3.997	4.543	3.968	4.039	4.256	3.902	4.229	Word length, number of letters, mean
11	DESWLltd	n/a	1.894	1.974	2.066	2.009	2.085	1.773	2.120	2.329	2.212	2.414	2.856	2.734	2.078	2.367	2.531	2.423	2.041	2.034	2.521	2.048	2.069	1.832	2.065	2.151	2.213	1.986	2.290	1.986	2.069	2.258	1.998	2.212	Word length, number of letters, standard deviation																																		
12	PCNARz	n/a	1.198	1.110	1.366	1.290	1.003	1.383	1.798	1.018	0.75	0.972	-0.625	-0.550	0.777	0.717	0.532	0.672	0.797	0.405	0.538	0.809	0.581	1.078	1.116	0.849	0.251	0.528	0.315	0.990	0.549	0.067	1.075	0.75	Text Easability PC Narrativity, z score
13	PCNARp	n/a	88.300	86.430	91.310	89.970	84.130	91.620	96.330	84.380	77.040	83.400	26.760	29.120	77.940	76.110	70.190	74.860	78.520	65.540	70.190	78.810	71.900	85.770	86.650	79.950	59.870	69.850	62.170	83.650	70.540	52.390	85.770	77.040	Text Easability PC Narrativity, percentile
14	PCSYNz	n/a	0.844	-0.197	1.154	0.177	1.382	0.911	1.841	1.083	0.526	0.519	-0.414	0.800	0.582	0.550	0.277	1.614	0.802	1.487	2.102	1.217	1.523	0.844	0.959	0.599	-0.672	1.661	-1.134	0.470	1.143	-0.502	0.394	0.525	Text Easability PC Syntactic simplicity, z score
15	PCSYNp	n/a	79.950	42.470	87.490	56.75	91.620	81.860	96.710	85.990	69.850	69.5	34.090	78.810	71.900	70.540	60.640	94.630	78.810	93.060	98.210	88.690	93.570	79.950	82.890	72.240	25.140	95.150	12.920	67.720	87.290	30.850	65.170	69.850	Text Easability PC Syntactic simplicity, percentile
16	PCCNCz	n/a	0.028	0.848	-0.755	-0.378	-1.377	0.561	-2.376	-0.341	0.041	-0.329	-0.698	-1.326	-1.009	-0.518	-1.060	-2.098	-1.175	-0.722	-1.472	-1.219	-0.710	-0.191	-1.881	0.201	1.717	-0.589	1.677	0.754	-0.896	1.233	-1.603	0.041	Text Easability PC Word concreteness, z score
17	PCCNCp	n/a	50.800	79.950	22.660	35.570	8.530	71.230	0.890	36.690	51.600	37.070	24.510	9.340	15.870	30.5	14.460	1.830	12.100	23.580	7.080	11.310	23.890	42.470	3.010	57.930	95.640	27.760	95.25	77.340	18.670	89.070	5.480	51.600	Text Easability PC Word concreteness, percentile
18	PCREFz	n/a	0.283	0.345	0.269	-0.164	-1.188	0.243	-0.452	-0.825	-0.628	-0.721	-0.499	-0.923	-1.270	-0.904	-0.343	-1.172	-1.516	-1.757	-1.401	-1.350	-1.417	-0.114	-1.263	-0.466	-1.841	-1.398	0.478	-0.401	-2.188	-0.858	-0.851	-0.622	Text Easability PC Referential cohesion, z score
19	PCREFp	n/a	61.030	63.310	60.260	43.640	11.900	59.480	32.640	20.610	26.760	23.580	31.210	17.880	10.200	18.410	36.690	12.100	6.550	4.010	8.080	8.850	7.930	45.620	10.380	32.280	3.290	8.230	68.080	34.460	1.460	19.770	19.770	26.760	Text Easability PC Referential cohesion, percentile
20	PCDCz	n/a	0.712	0.827	-0.133	0.534	0.829	0.592	0.093	0.276	0.243	0.174	0.060	0.944	0.655	0.079	0.298	-0.333	0.219	0.321	0.244	0.743	0.782	0.759	0.556	0.699	0.682	0.690	-0.595	0.559	0.574	0.028	0.734	0.240	Text Easability PC Deep cohesion, z score
21	PCDCp	n/a	76.110	79.390	44.830	70.190	79.390	72.240	53.590	60.640	59.480	56.75	52.390	82.640	74.220	52.790	61.410	37.070	58.320	62.550	59.480	77.040	78.230	77.340	70.880	75.490	75.170	75.170	27.760	70.880	71.570	50.800	76.730	59.100	Text Easability PC Deep cohesion, percentile
22	PCVERBz	n/a	-0.594	-0.491	-0.708	0.030	-1.043	0.445	-0.896	-0.218	0.067	-0.056	0.175	0.471	-1.423	-0.042	0.404	-0.076	-1.515	-1.328	-1.347	-0.646	-1.428	-0.165	-1.177	-0.480	-0.975	-1.392	-0.921	0.736	-1.650	0.175	-1.141	0.072	Text Easability PC Verb cohesion, z score
23	PCVERBp	n/a	27.760	31.210	24.200	51.200	14.920	67	18.670	41.680	52.390	48.010	56.75	68.080	7.780	48.400	65.540	47.210	6.550	9.340	9.010	26.110	7.780	43.640	12.100	31.560	16.600	8.230	17.880	76.730	4.950	56.75	12.710	52.790	Text Easability PC Verb cohesion, percentile
24	PCCONNz	n/a	-2.403	-3.347	-2.047	-2.659	-2.339	-3.362	-0.670	-2.944	-2.848	-3.187	-1.412	-2.674	-2.160	-1.837	-2.631	-1.041	-1.537	-2.593	-1.967	-2.115	-2.685	-2.406	-2.069	-3.145	-3.860	-2.303	-2.112	-3.074	-2.242	-2.955	-1.853	-2.846	Text Easability PC Connectivity, z score
25	PCCONNp	n/a	0.820	0.040	2.070	0.400	0.990	0.040	25.140	0.160	0.230	0.070	7.930	0.380	1.540	3.360	0.430	14.920	6.300	0.480	2.5	1.740	0.370	0.820	1.920	0.080	0	1.070	1.740	0.110	1.25	0.160	3.220	0.230	Text Easability PC Connectivity, percentile
26	PCTEMPz	n/a	0.014	0.167	0.291	1.175	1.075	0.149	1.005	-0.315	0.247	-0.163	0.579	0.443	0.868	0.269	-0.153	0.954	0.597	1.229	1.244	1.241	1.119	0.095	0.713	0.270	0.698	1.153	0.758	0.541	1.271	0.358	0.821	0.25	Text Easability PC Temporality, z score
27	PCTEMPp	n/a	50.400	56.360	61.410	87.900	85.770	55.570	84.130	37.830	59.480	43.640	71.570	67	80.510	60.260	44.040	82.890	72.240	88.880	89.25	89.25	86.650	53.590	76.110	60.260	75.490	87.490	77.340	70.540	89.800	63.680	79.390	59.480	Text Easability PC Temporality, percentile																																		
28	CRFNO1	CRFBN1um	0.246	0.310	0.175	0.180	0.050	0.179	0.030	0.071	0.131	0.058	0.313	0.220	0.083	0.048	0.207	0.047	0.070	0.039	0.063	0.075	0.077	0.183	0.069	0.150	0.073	0.089	0.410	0.124	0.045	0.145	0.153	0.131	Noun overlap, adjacent sentences, binary, mean
29	CRFAO1	CRFBA1um	0.504	0.602	0.425	0.388	0.123	0.495	0.202	0.337	0.363	0.416	0.449	0.304	0.249	0.340	0.525	0.151	0.228	0.120	0.102	0.182	0.182	0.440	0.242	0.386	0.220	0.166	0.632	0.365	0.111	0.395	0.340	0.363	Argument overlap, adjacent sentences, binary, mean
30	CRFSO1	CRFBS1um	0.294	0.352	0.204	0.218	0.084	0.197	0.040	0.093	0.159	0.091	0.411	0.305	0.131	0.077	0.268	0.063	0.124	0.064	0.087	0.097	0.126	0.224	0.108	0.184	0.146	0.126	0.476	0.157	0.064	0.208	0.217	0.159	Stem overlap, adjacent sentences, binary, mean
31	CRFNOa	CRFBNaum	0.243	0.136	0.199	0.175	0.069	0.139	0.054	0.049	0.111	0.037	0.214	0.096	0.121	0.035	0.109	0.061	0.089	0.050	0.085	0.073	0.055	0.168	0.083	0.142	0.117	0.076	0.305	0.116	0.046	0.109	0.140	0.111	Noun overlap, all sentences, binary, mean
32	CRFAOa	CRFBAaum	0.460	0.442	0.397	0.372	0.171	0.386	0.227	0.260	0.301	0.362	0.336	0.161	0.253	0.283	0.372	0.165	0.214	0.115	0.136	0.179	0.145	0.382	0.222	0.333	0.244	0.152	0.501	0.296	0.119	0.313	0.308	0.301	Argument overlap, all sentences, binary, mean
33	CRFSOa	CRFBSaum	0.277	0.165	0.226	0.212	0.098	0.154	0.063	0.066	0.132	0.057	0.294	0.160	0.155	0.057	0.145	0.075	0.138	0.074	0.107	0.093	0.085	0.197	0.125	0.170	0.173	0.105	0.363	0.150	0.070	0.169	0.200	0.132	Stem overlap, all sentences, binary, mean
34	CRFCWO1	CRFPC1um	0.118	0.106	0.118	0.083	0.036	0.115	0.060	0.079	0.084	0.081	0.067	0.108	0.053	0.070	0.122	0.048	0.049	0.035	0.029	0.049	0.062	0.102	0.057	0.070	0.035	0.052	0.102	0.070	0.024	0.055	0.074	0.084	Content word overlap, adjacent sentences, proportional, mean
35	CRFCWO1d	n/a	0.133	0.107	0.156	0.122	0.102	0.134	0.137	0.133	0.140	0.112	0.092	0.213	0.104	0.117	0.140	0.123	0.105	0.112	0.099	0.120	0.137	0.136	0.117	0.103	0.062	0.133	0.112	0.108	0.078	0.076	0.120	0.140	Content word overlap, adjacent sentences, proportional, standard deviation
36	CRFCWOa	CRFPCaum	0.103	0.069	0.103	0.078	0.081	0.083	0.090	0.054	0.059	0.066	0.044	0.040	0.059	0.054	0.075	0.068	0.051	0.056	0.070	0.056	0.052	0.079	0.061	0.058	0.027	0.060	0.067	0.057	0.041	0.041	0.064	0.059	Content word overlap, all sentences, proportional, mean
37	CRFCWOad	n/a	0.127	0.089	0.143	0.114	0.221	0.115	0.211	0.104	0.111	0.097	0.075	0.109	0.131	0.097	0.106	0.189	0.123	0.181	0.209	0.158	0.151	0.113	0.143	0.092	0.062	0.175	0.094	0.095	0.150	0.069	0.123	0.111	Content word overlap, all sentences, proportional, standard deviation																															
38	LSASS1	LSAassa	0.171	0.209	0.160	0.145	0.078	0.161	0.078	0.105	0.153	0.098	0.175	0.189	0.102	0.109	0.153	0.070	0.102	0.105	0.065	0.091	0.144	0.146	0.095	0.165	0.086	0.123	0.243	0.122	0.062	0.153	0.141	0.153	LSA overlap, adjacent sentences, mean
39	LSASS1d	LSAassd	0.177	0.173	0.196	0.168	0.169	0.168	0.166	0.154	0.177	0.131	0.146	0.251	0.153	0.141	0.160	0.162	0.163	0.176	0.166	0.175	0.224	0.174	0.158	0.167	0.118	0.198	0.169	0.150	0.153	0.130	0.186	0.177	LSA overlap, adjacent sentences, standard deviation
40	LSASSp	LSApssa	0.103	0.087	0.085	0.080	0.079	0.060	0.075	0.039	0.079	0.039	0.103	0.050	0.081	0.049	0.058	0.053	0.083	0.091	0.065	0.062	0.085	0.078	0.065	0.092	0.074	0.090	0.150	0.045	0.052	0.080	0.102	0.079	LSA overlap, all sentences in paragraph, mean
41	LSASSpd	LSApssd	0.150	0.102	0.154	0.123	0.172	0.126	0.186	0.092	0.129	0.089	0.109	0.097	0.140	0.094	0.086	0.159	0.143	0.169	0.183	0.129	0.164	0.147	0.124	0.137	0.112	0.166	0.126	0.106	0.135	0.101	0.147	0.129	LSA overlap, all sentences in paragraph, standard deviation
42	LSAPP1	LSAppa	0	0	0	0	0	0	0	0	0	0	0	0	0	0	0	0	0	0	0	0	0	0	0	0	0	0	0	0	0	0	0	0	LSA overlap, adjacent paragraphs, mean
43	LSAPP1d	LSAppd	0	0	0	0	0	0	0	0	0	0	0	0	0	0	0	0	0	0	0	0	0	0	0	0	0	0	0	0	0	0	0	0	LSA overlap, adjacent paragraphs, standard deviation
44	LSAGN	LSAGN	0.377	0.340	0.396	0.364	0.426	0.355	0.414	0.299	0.343	0.273	0.322	0.325	0.335	0.290	0.299	0.372	0.332	0.385	0.409	0.316	0.373	0.363	0.302	0.351	0.279	0.365	0.372	0.325	0.308	0.304	0.349	0.343	LSA given/new, sentences, mean
45	LSAGNd	n/a	0.104	0.095	0.142	0.114	0.252	0.103	0.235	0.119	0.128	0.083	0.093	0.182	0.181	0.098	0.095	0.244	0.186	0.225	0.246	0.221	0.213	0.112	0.189	0.102	0.108	0.221	0.103	0.102	0.230	0.088	0.174	0.128	LSA given/new, sentences, standard deviation																																		
46	LDTTRc	TYPTOKc	0.200	0.261	0.285	0.220	0.310	0.191	0.210	0.319	0.324	0.295	0.308	0.405	0.351	0.314	0.432	0.243	0.348	0.352	0.327	0.303	0.362	0.187	0.324	0.234	0.739	0.273	0.274	0.225	0.382	0.401	0.341	0.324	Lexical diversity, type-token ratio, content word lemmas
47	LDTTRa	n/a	0.100	0.105	0.121	0.093	0.139	0.084	0.092	0.136	0.145	0.123	0.140	0.208	0.155	0.139	0.204	0.121	0.159	0.173	0.137	0.140	0.178	0.085	0.140	0.100	0.411	0.135	0.117	0.095	0.194	0.188	0.156	0.145	Lexical diversity, type-token ratio, all words
48	LDMTLD	LEXDIVTD	72.024	71.363	55.166	74.703	72.597	67.168	68.939	91.820	86.072	106.842	62.559	62.637	99.322	92.307	68.292	76.365	114.862	111.707	74.906	81.083	83.093	76.641	90.908	95.759	130.974	82.542	50.434	76.820	127.818	97.718	91.558	86.072	Lexical diversity, MTLD, all words
49	LDVOCD	LEXDIVVD	109.492	90.415	105.087	104.627	136.126	102.083	89.852	124.240	119.909	116.462	74.624	105.806	154.613	109.827	102.591	118.316	175.021	164.876	127.710	137.297	158.25	118.773	153.632	113.784	113.720	165.347	89.940	97.014	185.096	97.961	143.592	118.611	Lexical diversity, VOCD, all words																														
50	CNCAll	CONi	96.348	115.798	74.386	97.339	95.316	103.421	68.014	94.437	95.867	93.473	81.708	96.815	89.532	82.028	91.785	61.176	76.941	85.058	83.723	92.503	97.430	98.146	90.209	104.432	120.203	88.355	81.423	104.504	85.204	95.371	90.214	95.867	All connectives incidence
51	CNCCaus	CONCAUSi	21.833	27.784	18.349	18.300	27.525	20.243	28.017	21.879	21.323	22.054	24.244	30.436	26.047	22.044	25.113	18.248	21.910	21.510	23.203	28.315	28.182	23.010	25.689	23.658	21.267	26.395	14.789	21.018	24.214	20.431	27.203	21.323	Causal connectives incidence
52	CNCLogic	CONLOGi	40.961	37.263	36.532	37.648	45.753	38.393	34.519	37.868	33.181	38.535	30.913	47.626	41.861	32.050	41.029	33.673	34.945	36.578	37.359	43.970	42.542	39.439	44.173	39.740	35.136	39.843	19.654	34.471	36.833	29.968	44.127	33.181	Logical connectives incidence
53	CNCADC	CONADVCONi	15.071	15.728	15.208	16.691	17.503	16.780	12.137	18.794	16.053	18.470	17.016	27.162	16.573	15.305	19.277	15.373	12.956	16.651	15.974	17.534	16.104	15.784	18.274	16.677	15.257	14.373	8.880	13.765	15.347	14.405	16.255	16.053	Adversative and contrastive connectives incidence
54	CNCTemp	CONTEMPi	28.016	25.258	17.357	29.228	16.460	27.625	13.831	19.511	21.323	16.194	20.262	21.655	15.285	20.295	17.685	14.170	13.906	16.324	16.364	16.506	17.715	25.891	14.022	25.416	24.041	16.608	17.173	26.633	16.541	20.391	15.538	21.323	Temporal connectives incidence
55	CNCTempx	CONTEMPEXi	15.521	14.764	13.059	11.152	15.644	16.970	15.881	15.272	15.360	20.327	13.009	11.386	14.757	13.504	28.650	15.895	11.410	14.358	13.680	16.863	17.849	16.687	15.006	12.411	12.483	21.732	11.655	14.272	15.859	21.109	15.490	15.360	Expanded temporal connectives incidence
56	CNCAdd	CONADDi	44.696	62.703	39.259	53.142	46.570	57.456	27.348	52.922	52.770	55.513	39.003	45.022	45.228	41.335	49.164	28.288	37.837	48.643	43.074	43.299	49.923	46.321	44.630	56.573	67.499	44.621	49.951	57.867	43.711	56.345	42.788	52.770	Additive connectives incidence
57	CNCPos	n/a	0	0	0	0	0	0	0	0	0	0	0	0	0	0	0	0	0	0	0	0	0	0	0	0	0	0	0	0	0	0	0	0	Positive connectives incidence
58	CNCNeg	n/a	0	0	0	0	0	0	0	0	0	0	0	0	0	0	0	0	0	0	0	0	0	0	0	0	0	0	0	0	0	0	0	0	Negative connectives incidence																																	
59	SMCAUSv	CAUSV	31.687	20.389	38.185	16.616	21.720	34.245	50.006	33.287	24.478	28.044	19.070	26.343	17.794	26.931	23.344	38.118	21.989	32.975	45.411	26.257	37.308	29.289	21.507	22.934	18.031	32.059	13.581	24.332	23.475	16.520	16.781	24.478	Causal verb incidence
60	SMCAUSvp	CAUSVP	43.086	31.951	48.103	26.571	35.097	44.291	63.995	43.042	33.805	38.430	28.884	39.664	31.329	36.268	33.690	45.647	33.914	44.931	57.619	38.692	52.674	41.030	34.404	35.629	27.739	44.929	20.666	36.225	35.639	22.067	30.023	33.805	Causal verbs and causal particles incidence
61	SMINTEp	INTEi	27.307	21.691	27.440	16.878	18.047	28.233	30.382	31.510	21.600	21.138	10.575	16.371	14.889	21.169	19.277	24.837	15.769	19.053	30.130	22.052	22.747	23.311	17.325	22.960	11.558	21.848	10.251	22.694	16.200	12.530	14.199	21.600	Intentional verbs incidence
62	SMCAUSr	CAUSC	0.359	0.566	0.259	0.598	0.615	0.293	0.280	0.293	0.380	0.370	0.514	0.504	0.759	0.346	0.442	0.197	0.541	0.362	0.269	0.473	0.411	0.400	0.599	0.553	0.525	0.401	0.520	0.488	0.517	0.335	0.787	0.380	Ratio of casual particles to causal verbs
63	SMINTEr	INTEC	0.692	1.156	0.598	0.987	1.288	0.639	0.833	0.602	0.859	0.881	1.744	1.380	1.487	0.863	0.995	0.658	1.145	0.949	0.644	1.087	1.024	0.882	1.247	0.875	1.577	1.016	1.229	0.799	1.248	1.498	1.628	0.859	Ratio of intentional particles to intentional verbs
64	SMCAUSlsa	CAUSLSA	0.075	0.056	0.063	0.059	0.067	0.076	0.067	0.073	0.071	0.070	0.064	0.109	0.051	0.065	0.095	0.114	0.043	0.057	0.065	0.072	0.056	0.079	0.051	0.061	0.028	0.057	0.031	0.063	0.052	0.051	0.060	0.071	LSA verb overlap
65	SMCAUSwn	CAUSWN	0.547	0.523	0.407	0.561	0.379	0.620	0.383	0.538	0.557	0.487	0.517	0.532	0.237	0.551	0.5	0.505	0.218	0.419	0.443	0.449	0.409	0.539	0.217	0.496	0.453	0.397	0.494	0.594	0.366	0.510	0.248	0.557	WordNet verb overlap
66	SMTEMP	TEMPta	0.834	0.836	0.873	0.938	0.916	0.851	0.926	0.803	0.854	0.825	0.882	0.863	0.911	0.855	0.823	0.931	0.906	0.955	0.951	0.952	0.939	0.840	0.901	0.851	0.896	0.951	0.909	0.888	0.960	0.871	0.907	0.854	Temporal cohesion, tense and aspect repetition, mean																																		
67	SYNLE	SYNLE	2.799	5.374	2.486	2.559	1.777	2.763	1.119	2.358	2.998	2.569	5.914	4.529	2.785	2.641	3.834	1.478	2.499	1.392	1.256	1.878	2.022	2.879	2.051	2.738	5.928	1.553	7.235	3.307	1.745	4.445	2.824	2.998	Left embeddedness, words before main verb, mean
68	SYNNP	SYNNP	0.727	0.676	0.531	0.613	0.597	0.607	0.363	0.640	0.724	0.699	0.987	0.887	0.695	0.708	0.764	0.578	0.698	0.668	0.674	0.623	0.647	0.698	0.599	0.751	0.896	0.639	0.812	0.690	0.648	0.916	0.659	0.724	Number of modifiers per noun phrase, mean
69	SYNMEDpos	MEDwtm	0.722	0.674	0.711	0.746	0.886	0.692	0.840	0.727	0.727	0.711	0.680	0.677	0.787	0.716	0.694	0.829	0.793	0.836	0.866	0.844	0.818	0.734	0.797	0.719	0.804	0.824	0.682	0.725	0.873	0.687	0.788	0.727	Minimal Edit Distance, part of speech
70	SYNMEDwrd	MEDawm	0.914	0.898	0.910	0.920	0.981	0.905	0.963	0.925	0.921	0.926	0.886	0.880	0.956	0.929	0.899	0.968	0.961	0.979	0.979	0.969	0.966	0.918	0.955	0.922	0.956	0.970	0.880	0.922	0.979	0.909	0.945	0.921	Minimal Edit Distance, all words
71	SYNMEDlem	MEDalm	0.894	0.874	0.888	0.908	0.970	0.883	0.948	0.906	0.901	0.908	0.874	0.858	0.945	0.913	0.876	0.950	0.951	0.959	0.971	0.951	0.938	0.901	0.944	0.906	0.945	0.949	0.867	0.904	0.973	0.899	0.933	0.901	Minimal Edit Distance, lemmas
72	SYNSTRUTa	STRUTa	0.095	0.063	0.116	0.051	0.077	0.106	0.108	0.117	0.094	0.090	0.064	0.105	0.089	0.092	0.105	0.098	0.091	0.087	0.100	0.064	0.084	0.091	0.099	0.067	0.045	0.089	0.049	0.073	0.078	0.057	0.072	0.094	Sentence syntax similarity, adjacent sentences, mean
73	SYNSTRUTt	STRUTt	0.087	0.064	0.099	0.049	0.122	0.096	0.136	0.098	0.075	0.083	0.054	0.077	0.078	0.084	0.089	0.120	0.084	0.095	0.137	0.094	0.094	0.080	0.088	0.066	0.051	0.095	0.040	0.062	0.097	0.050	0.068	0.075	Sentence syntax similarity, all combinations, across paragraphs, mean																																		
74	DRNP	n/a	307.271	345.468	351.599	354.141	366.844	331.152	358.395	348.730	355.350	344.199	389.090	364.935	382.688	372.097	356.353	352.261	386.212	378.228	351.385	379.630	368.315	322.223	381.888	337.108	356.449	380.279	409.827	346.461	396.976	382.801	388.966	355.350	Noun phrase density, incidence
75	DRVP	n/a	248.342	243.809	249.855	236.518	224.278	242.647	281.357	233.879	219.021	239.529	151.979	191.546	197.980	206.960	217.880	220.758	215.729	209.150	228.268	209.519	209.287	253.796	223.327	235.288	192.325	212.431	165.426	237.434	209.174	166.760	212.793	219.021	Verb phrase density, incidence
76	DRAP	n/a	50.686	38.200	50.5	50.036	38.181	47.829	37.475	43.416	35.365	38.692	32.181	31.776	29.943	40.075	33.778	55.163	28.249	33.630	33.896	37.171	38.985	51.224	31.347	43.619	31.438	37.685	26.118	42.698	38.822	31.085	29.832	35.365	Adverbial phrase density, incidence
77	DRPP	n/a	72.519	100.669	59.757	86.337	82.619	90.522	66.714	91.382	100.132	83.584	154.997	128.516	82.731	119.942	116.191	81.621	67.631	80.745	73.896	84.765	82.601	75.610	71.690	89.978	103.560	76.950	136.010	82.706	71.506	126.177	77.162	100.132	Preposition phrase density, incidence
78	DRPVAL	AGLSPSVi	2.705	5.807	2.810	2.769	4.217	2.245	3.349	4.956	5.651	3.584	9.586	14.809	2.707	3.884	7.870	5.595	2.456	4.095	4.545	4.115	3.020	3.097	2.776	5.766	4.161	4.123	3.004	3.159	3.467	3.551	2.534	5.651	Agentless passive voice density, incidence
79	DRNEG	DENNEGi	17.647	11.197	27.110	8.869	19.453	16.095	27.702	16.830	14.527	17.135	7.481	13.469	17.332	10.778	18.481	12.549	18.265	15.068	15.455	16.819	16.507	8.043	18.309	14.867	10.171	15.606	7.868	6.551	15.574	7.542	19.458	14.527	Negation density, incidence
80	DRGERUND	GERUNDi	19.128	18.644	11.571	21.818	5.487	17.503	11.073	16.051	16.538	17.162	8.749	14.362	6.272	18.340	14.944	7.425	6.339	6.224	11.991	5.681	6.844	14.494	5.342	12.824	19.417	7.321	22.266	20.589	7.048	15.762	4.159	16.538	Gerund density, incidence
81	DRINF	INFi	20.609	18.644	14.629	16.429	11.608	19.558	23.959	12.872	13.418	20.222	14.176	14.288	9.739	13.761	19.365	17.255	10.063	9.499	17.749	11.272	10.803	21.892	10.929	17.866	12.483	9.941	4.016	19.380	8.981	9.896	10.852	13.418	Infinitive density, incidence																																		
82	WRDNOUN	NOUNi	215.689	188.475	217.043	193.631	224.595	179.483	172.124	202.711	208.342	204.997	269.597	250.186	278.366	202.227	201.167	227.608	286.569	265.764	251.428	243.692	254.648	207.089	257.309	205.399	257.050	272.581	269.899	207.603	262.718	250.919	275.709	208.342	Noun incidence
83	WRDVERB	VERBi	158.111	154.336	122.242	165.712	127.693	159.164	141.584	150.257	144.407	126.671	102.376	120.107	120.365	148.597	115.925	120	131.102	132.882	146.493	122.787	126.484	160.940	130.273	147.920	133.611	138.602	138.655	160.109	131.246	117.039	121.910	144.407	Verb incidence
84	WRDADJ	ADJi	65.692	46.637	62.814	55.163	74.276	63.620	53.947	63.643	76.209	74.035	77.092	94.583	71.738	79.378	77.903	69.333	78.288	83.256	72.685	63.518	81.728	67.654	71.725	67.872	75.358	76.719	71.923	58.375	75.769	94.732	72.333	76.209	Adjective incidence
85	WRDADV	ADVi	93.193	60.699	81.578	80.835	65.524	81.161	86.693	72.682	62.756	75.631	49.528	58.788	57.839	66.260	70.740	90.144	53.724	57.980	63.030	62.847	66.027	82.361	58.827	71.646	47.619	64.890	41.920	67.967	66.504	47.008	60.620	62.756	Adverb incidence
86	WRDPRO	DENPRPi	115.476	125.042	144.971	122.263	139.165	135.155	186.074	130.871	113.619	125.625	55.791	46.361	124.162	116.599	99.301	136.314	122.940	111.973	123.680	135.310	123.063	118.619	135.437	108.233	87.841	111.167	94.613	106.532	118.513	86.792	132.046	113.619	Pronoun incidence
87	WRDPRP1s	n/a	16.101	18.488	44.384	25.149	53.689	20.890	74.556	39.676	19.173	53.891	0.862	5.284	43.379	43.239	19.984	61.699	51.466	36.796	49.784	59.894	51.533	13.161	56.508	25.623	20.804	49.129	12.308	17.586	53.203	25.100	57.131	19.173	First person singular pronoun incidence
88	WRDPRP1p	n/a	1.481	3.047	6.034	2.133	6.575	1.332	7.369	9.506	2.878	8.581	1.192	1.563	8.517	6.045	7.074	4.601	6.933	14.904	5.411	5.681	9.126	5.849	3.760	5.171	12.020	6.281	4.016	6.629	8.697	10.854	3.442	2.878	First person plural pronoun incidence
89	WRDPRP2	PRO2i	14.104	18.176	44.136	17.589	32.014	15.106	46.696	13.464	10.402	22.891	0.380	2.828	25.75	9.054	36.696	36.131	25.634	18.125	26.320	27.957	24.693	10.838	25.232	15.074	11.096	15.452	9.827	13.141	17.450	2.115	29.880	10.402	Second person pronoun incidence
90	WRDPRP3s	n/a	58.221	57.860	16.282	42.588	31.560	68.567	30.303	43.665	44.276	17.946	12.375	19.274	26.576	34.982	9.638	13.961	26.268	23.202	28.788	25.139	23.083	60.471	33.842	37.775	23.116	25.200	44.923	36.654	20.747	25.619	29.354	44.276	Third person singular pronoun incidence
91	WRDPRP3p	n/a	10.047	16.145	9.422	10.853	6.122	10.578	4.650	9.070	12.759	6.802	14.125	5.432	6.768	8.257	5.659	3.922	5.903	10.045	4.286	5.233	6.844	10.666	5.763	12.385	14.332	5.202	14.887	22.032	9.720	9.018	3.203	12.759	Third person plural pronoun incidence
92	WRDFRQc	FRCLacwm	2.288	2.214	2.415	2.392	2.367	2.474	2.508	2.324	2.294	2.332	1.950	2.147	2.285	2.210	2.342	2.394	2.330	2.233	2.188	2.324	2.223	2.359	2.430	2.277	2.001	2.237	1.937	2.440	2.180	2.108	2.415	2.294	CELEX word frequency for content words, mean
93	WRDFRQa	FRCLaewm	2.989	3.111	3.057	3.103	3.032	3.150	3.136	3.094	3.084	3.067	3.040	3.012	3.073	3.032	3.096	3.011	3.046	2.900	2.924	2.999	2.905	3.030	3.134	3.084	2.955	2.863	2.964	3.165	2.855	3.023	3.112	3.084	CELEX Log frequency for all words, mean
94	WRDFRQmc	FRCLmcsm	1.255	0.976	1.483	1.433	1.516	1.515	1.503	1.563	1.571	1.388	1.031	1.102	1.416	1.443	1.450	1.393	1.681	1.423	1.460	1.504	1.393	1.400	1.849	1.438	1.161	1.507	1.079	1.576	1.286	1.171	1.580	1.571	CELEX Log minimum frequency for content words, mean
95	WRDAOAc	WRDAacwm	272.576	305.690	278.237	288.465	329.391	276.243	330.791	307.749	307.396	303.779	405.193	380.812	328.570	325.351	365.243	332.961	326.431	326.495	333.316	336.551	316.574	277	336.101	294.590	311.568	315.563	310.009	260.347	332.604	306.109	324.096	307.396	Age of acquisition for content words, mean
96	WRDFAMc	WRDFacwm	575.664	563.560	574.078	574.851	567.568	579.800	576.229	574.359	572.911	578.083	554.564	566.522	561.752	569.114	573.495	575.259	568.107	562.233	568.595	567.338	563.754	574.391	570.349	566.346	560.707	564.613	552.126	579.217	561.816	566.197	570.606	572.911	Familiarity for content words, mean
97	WRDCNCc	WRDCacwm	377.274	399.630	383.350	375.274	367.993	399.711	348.115	380.160	385.097	378.698	368.970	350.001	376.669	378.786	356.598	358.407	372.904	379.804	361.756	368.800	379.566	368.485	354.913	400.587	428.25	385.429	431.850	407.430	379.766	410.949	358.283	385.097	Concreteness for content words, mean
98	WRDIMGc	WRDIacwm	418.619	429.575	415.772	407.983	409.009	431.278	388.128	416.161	424.644	414.744	405.123	385.499	411.744	413.272	394.042	392.358	407.614	417.912	404.892	406.667	419.131	411.409	387.804	429.579	455.695	426.329	470.931	435.167	416.704	450.178	392.722	424.644	Imagability for content words, mean
99	WRDMEAc	WRDMacwm	426.289	426.489	420.314	417.773	421.832	432.378	420.580	424.804	430.795	426.553	421.247	414.258	416.226	422.483	421.001	418.612	420.151	427.691	418.572	420.571	423.374	422.333	405.632	425.998	440.239	429.819	445.869	435.211	420.034	446.266	407.325	430.795	Meaningfulness, Colorado norms, content words, mean
100	WRDPOLc	POLm	4.223	4.180	4.102	3.880	3.573	4.718	3.889	3.921	3.931	3.975	3.322	3.729	3.060	3.865	3.822	3.657	3.066	3.577	3.374	3.631	3.577	4.404	2.963	3.942	3.567	3.615	3.265	4.191	3.367	3.727	3.036	3.931	Polysemy for content words, mean
101	WRDHYPn	HYNOUNaw	7.191	7.022	5.799	6.218	5.573	6.744	5.158	5.866	6.589	5.910	6.342	6.431	3.996	6.478	6.531	5.712	3.870	5.707	4.928	5.478	5.688	5.914	3.507	5.806	6.373	5.918	5.585	6.123	5.614	6.400	3.942	6.589	Hypernymy for nouns, mean
102	WRDHYPv	HYVERBaw	1.665	1.749	1.460	1.653	1.517	1.643	1.338	1.637	1.655	1.490	1.762	1.579	1.118	1.637	1.525	1.619	1.107	1.514	1.810	1.573	1.685	1.551	1.075	1.666	1.682	1.503	1.830	1.666	1.476	1.663	1.132	1.655	Hypernymy for verbs, mean
103	WRDHYPnv	HYPm	1.722	1.515	1.400	1.245	1.308	1.401	1.054	1.337	1.465	1.400	1.735	1.670	1.138	1.380	1.459	1.347	1.135	1.454	1.313	1.375	1.456	1.368	0.968	1.362	1.698	1.540	1.532	1.369	1.398	1.660	1.137	1.465	Hypernymy for nouns and verbs, mean																						
104	RDFRE	READFRE	85.343	74.915	89.578	80.930	85.803	88.347	86.975	79.279	79.381	74.127	40.432	57.846	84.816	76.364	65.802	77.961	86.848	88.333	77.411	85.416	86.665	86.599	85.302	76.693	70.320	89.136	55.511	85.179	89.379	68.462	83.223	79.381	Flesch Reading Ease
105	RDFKGL	READFKGL	5.167	9.050	3.374	6.262	3.976	4.344	2.842	5.364	6.133	6.826	14.121	9.272	4.769	6.257	8.555	4.090	4.258	3.066	4.322	3.752	3.5	4.809	4.086	6.793	9.925	2.902	13.586	5.023	3.016	9.790	5.526	6.133	Flesch-Kincaid Grade level
106	RDL2	L2	17.757	13.539	21.860	15.544	14.118	22.415	20.421	17.881	16.049	16.499	5.695	14.711	13.937	13.327	19.790	16.631	14.842	11.709	11.192	13.065	12.710	18.25	17.969	13.295	3.992	12.823	6.314	17.290	9.411	8.135	16.872	16.049	Coh-Metrix L2 Readability